      33       37 
      72       20 
      64       62 
      47       52 
      73       22 
      32       35 
      41       39 
      16       68 
      38       61 
      70       40 
      42       46 
      11       23 
      66       17 
      10       12 
      36        5 
      25        3 
       8       29 
      28       55 
      57       49 
      65       31 
      30       48 
      54       67 
       1       15 
       4       34 
      56       45 
      59        7 
      71       18 
      44       69 
      53       75 
      14       21 
      60       74 
       2       43 
       6       58 
      13        9 
      63       50 
      51       19 
      27       26 
       0       24 
