e	1	2	3
e	1	3	2
e	1	4	0
e	1	5	0
e	1	6	2
e	1	7	10
e	1	8	5
e	1	9	0
e	1	10	5
e	1	11	2
e	1	12	5
e	1	13	0
e	1	14	0
e	1	15	2
e	1	16	0
e	1	17	5
e	1	18	6
e	1	19	3
e	1	20	0
e	1	21	1
e	1	22	10
e	1	23	0
e	1	24	10
e	1	25	2
e	1	26	1
e	1	27	1
e	1	28	1
e	1	29	0
e	1	30	1
e	2	3	4
e	2	4	0
e	2	5	10
e	2	6	4
e	2	7	0
e	2	8	0
e	2	9	2
e	2	10	2
e	2	11	1
e	2	12	0
e	2	13	5
e	2	14	0
e	2	15	0
e	2	16	0
e	2	17	0
e	2	18	2
e	2	19	0
e	2	20	1
e	2	21	6
e	2	22	1
e	2	23	0
e	2	24	1
e	2	25	2
e	2	26	2
e	2	27	5
e	2	28	1
e	2	29	10
e	2	30	5
e	3	4	3
e	3	5	4
e	3	6	0
e	3	7	5
e	3	8	5
e	3	9	5
e	3	10	1
e	3	11	4
e	3	12	1
e	3	13	0
e	3	14	4
e	3	15	0
e	3	16	4
e	3	17	0
e	3	18	6
e	3	19	3
e	3	20	2
e	3	21	5
e	3	22	5
e	3	23	2
e	3	24	1
e	3	25	0
e	3	26	0
e	3	27	3
e	3	28	1
e	3	29	0
e	3	30	2
e	4	5	0
e	4	6	0
e	4	7	0
e	4	8	2
e	4	9	2
e	4	10	0
e	4	11	6
e	4	12	0
e	4	13	2
e	4	14	5
e	4	15	2
e	4	16	5
e	4	17	1
e	4	18	1
e	4	19	1
e	4	20	1
e	4	21	2
e	4	22	2
e	4	23	4
e	4	24	0
e	4	25	2
e	4	26	0
e	4	27	2
e	4	28	2
e	4	29	5
e	4	30	5
e	5	6	5
e	5	7	2
e	5	8	0
e	5	9	0
e	5	10	0
e	5	11	0
e	5	12	2
e	5	13	0
e	5	14	0
e	5	15	0
e	5	16	0
e	5	17	2
e	5	18	1
e	5	19	0
e	5	20	0
e	5	21	2
e	5	22	0
e	5	23	5
e	5	24	1
e	5	25	0
e	5	26	2
e	5	27	1
e	5	28	0
e	5	29	2
e	5	30	1
e	6	7	1
e	6	8	2
e	6	9	2
e	6	10	1
e	6	11	4
e	6	12	10
e	6	13	10
e	6	14	2
e	6	15	5
e	6	16	5
e	6	17	0
e	6	18	5
e	6	19	0
e	6	20	0
e	6	21	0
e	6	22	10
e	6	23	0
e	6	24	0
e	6	25	0
e	6	26	4
e	6	27	0
e	6	28	10
e	6	29	1
e	6	30	1
e	7	8	10
e	7	9	10
e	7	10	5
e	7	11	10
e	7	12	10
e	7	13	6
e	7	14	0
e	7	15	0
e	7	16	10
e	7	17	2
e	7	18	1
e	7	19	10
e	7	20	1
e	7	21	5
e	7	22	5
e	7	23	2
e	7	24	3
e	7	25	5
e	7	26	0
e	7	27	2
e	7	28	0
e	7	29	1
e	7	30	3
e	8	9	1
e	8	10	3
e	8	11	5
e	8	12	0
e	8	13	0
e	8	14	0
e	8	15	2
e	8	16	4
e	8	17	5
e	8	18	2
e	8	19	10
e	8	20	6
e	8	21	0
e	8	22	5
e	8	23	5
e	8	24	2
e	8	25	5
e	8	26	0
e	8	27	5
e	8	28	5
e	8	29	0
e	8	30	2
e	9	10	10
e	9	11	2
e	9	12	1
e	9	13	5
e	9	14	2
e	9	15	0
e	9	16	3
e	9	17	0
e	9	18	2
e	9	19	0
e	9	20	0
e	9	21	4
e	9	22	0
e	9	23	5
e	9	24	2
e	9	25	0
e	9	26	5
e	9	27	2
e	9	28	2
e	9	29	5
e	9	30	2
e	10	11	5
e	10	12	5
e	10	13	6
e	10	14	0
e	10	15	1
e	10	16	5
e	10	17	5
e	10	18	0
e	10	19	5
e	10	20	2
e	10	21	3
e	10	22	5
e	10	23	0
e	10	24	5
e	10	25	2
e	10	26	10
e	10	27	10
e	10	28	1
e	10	29	5
e	10	30	2
e	11	12	0
e	11	13	0
e	11	14	1
e	11	15	2
e	11	16	1
e	11	17	0
e	11	18	2
e	11	19	0
e	11	20	0
e	11	21	0
e	11	22	6
e	11	23	6
e	11	24	0
e	11	25	4
e	11	26	5
e	11	27	3
e	11	28	2
e	11	29	2
e	11	30	10
e	12	13	5
e	12	14	5
e	12	15	2
e	12	16	0
e	12	17	0
e	12	18	0
e	12	19	0
e	12	20	2
e	12	21	0
e	12	22	4
e	12	23	5
e	12	24	10
e	12	25	1
e	12	26	0
e	12	27	0
e	12	28	0
e	12	29	0
e	12	30	1
e	13	14	2
e	13	15	0
e	13	16	4
e	13	17	2
e	13	18	2
e	13	19	1
e	13	20	0
e	13	21	6
e	13	22	2
e	13	23	1
e	13	24	5
e	13	25	5
e	13	26	0
e	13	27	0
e	13	28	1
e	13	29	5
e	13	30	5
e	14	15	2
e	14	16	1
e	14	17	0
e	14	18	5
e	14	19	3
e	14	20	10
e	14	21	0
e	14	22	0
e	14	23	4
e	14	24	2
e	14	25	0
e	14	26	0
e	14	27	4
e	14	28	2
e	14	29	5
e	14	30	5
e	15	16	4
e	15	17	5
e	15	18	1
e	15	19	0
e	15	20	1
e	15	21	0
e	15	22	5
e	15	23	0
e	15	24	2
e	15	25	0
e	15	26	0
e	15	27	5
e	15	28	1
e	15	29	1
e	15	30	0
e	16	17	0
e	16	18	3
e	16	19	0
e	16	20	2
e	16	21	2
e	16	22	0
e	16	23	2
e	16	24	0
e	16	25	5
e	16	26	0
e	16	27	5
e	16	28	2
e	16	29	5
e	16	30	10
e	17	18	2
e	17	19	2
e	17	20	0
e	17	21	0
e	17	22	0
e	17	23	6
e	17	24	5
e	17	25	3
e	17	26	5
e	17	27	0
e	17	28	0
e	17	29	5
e	17	30	1
e	18	19	5
e	18	20	1
e	18	21	2
e	18	22	10
e	18	23	10
e	18	24	4
e	18	25	0
e	18	26	0
e	18	27	5
e	18	28	0
e	18	29	0
e	18	30	0
e	19	20	0
e	19	21	5
e	19	22	5
e	19	23	1
e	19	24	0
e	19	25	5
e	19	26	2
e	19	27	1
e	19	28	2
e	19	29	10
e	19	30	10
e	20	21	5
e	20	22	2
e	20	23	1
e	20	24	3
e	20	25	1
e	20	26	5
e	20	27	6
e	20	28	5
e	20	29	5
e	20	30	3
e	21	22	4
e	21	23	0
e	21	24	1
e	21	25	0
e	21	26	0
e	21	27	0
e	21	28	5
e	21	29	0
e	21	30	0
e	22	23	5
e	22	24	0
e	22	25	4
e	22	26	4
e	22	27	5
e	22	28	0
e	22	29	2
e	22	30	5
e	23	24	0
e	23	25	4
e	23	26	4
e	23	27	1
e	23	28	0
e	23	29	2
e	23	30	2
e	24	25	5
e	24	26	5
e	24	27	0
e	24	28	1
e	24	29	0
e	24	30	0
e	25	26	1
e	25	27	0
e	25	28	10
e	25	29	1
e	25	30	0
e	26	27	0
e	26	28	0
e	26	29	0
e	26	30	0
e	27	28	0
e	27	29	0
e	27	30	10
e	28	29	2
e	28	30	2
e	29	30	2
l	3		
l	9		
l	3		
l	7		
l	3		
l	7		
l	5		
l	9		
l	6		
l	5		
l	3		
l	9		
l	3		
l	7		
l	3		
l	7		
l	5		
l	9		
l	6		
l	5		
l	3		
l	9		
l	3		
l	7		
l	3		
l	7		
l	5		
l	9		
l	6		
l	5		

