p  i  j  c
e 1   2 20 
e 1   3  2
e 1   4  8
e 1   5  0
e 1   6  9
e 1   7  5
e 1   8  7
e 1   9  0
e 1  10 20
e 1  11  3
e 2   3  8
e 2   4  9
e 2   5 13
e 2   6 17
e 2   7 16
e 2   8  1
e 2   9  8
e 2  10  6
e 2  11  7
e 3   4 18
e 3   5  0
e 3   6 10
e 3   7  4
e 3   8 18
e 3   9  5
e 3  10  8
e 3  11  0
e 4   5  6 
e 4   6 16
e 4   7 10
e 4   8  4 
e 4   9  2
e 4  10 14
e 4  11  6
e 5   6  6 
e 5   7  0
e 5   8 11
e 5   9  0
e 5  10  8
e 5  11  2
e 6   7  6
e 6   8 13
e 6   9  2
e 6  10  7
e 6  11 18
e 7   8  1
e 7   9 11
e 7  10 15
e 7  11  7
e 8   9  1
e 8  10  7
e 8  11  2
e 9  10 12
e 9  11  0
e 10 11  3
l 3
l 9
l 3
l 7
l 3
l 7
l 5
l 9
l 6
l 5
l 10