      48       58 
      17       25 
      69       60 
      49       38 
      72       13 
      42       68 
      12       67 
      28       14 
      41       27 
      64       15 
      16       57 
      24       50 
       4       66 
      63       29 
      43       59 
      23       46 
      40       80 
      39       18 
      20        5 
      65       56 
      32       45 
      55       77 
      62       53 
       3       71 
      54       79 
      44       51 
      26       36 
      30       34 
      75       33 
      35       76 
       8       31 
       1       37 
       6       22 
      70       21 
       9       74 
      11       19 
      10       52 
      61       47 
      73        0 
      78        0 
       7        0 
       2        0 
