      67       19 
      68       64 
      17       38 
      32       44 
      69       40 
      58        2 
      22       51 
      55       16 
      39       47 
      10       63 
      37       54 
      42       56 
      66       61 
      15       26 
      27       60 
      29       34 
      53       20 
      35       30 
       5       36 
       7       70 
      12        4 
      24        6 
      14       11 
      21       59 
       3       41 
      43       46 
      49       65 
      48        8 
      50       25 
      18       57 
      52       13 
      23       45 
      62       33 
      31        9 
       1       28 
