      44       49 
      38       53 
       3       33 
      11       59 
      41        2 
       1       29 
      43       32 
      26        9 
      58       24 
      22       50 
      15       57 
      35       31 
      40       48 
      51        5 
      45       21 
      56       28 
      60       25 
      27       42 
      23        8 
      18       10 
      55       30 
      14        6 
      19       36 
      34       20 
      47       46 
       4       17 
       7       13 
      52       54 
      39       16 
       0       37 
       0       12 
