e 1 2 8 
e 1 3 4 
e 1 4 6 
e 1 5 6 
e 1 6 8 
e 1 7 9 
e 1 8 8 
e 1 9 8 
e 1 10 3 
e 1 11 2 
e 1 12 5 
e 1 13 1 
e 1 14 4 
e 1 15 1 
e 2 3 5 
e 2 4 8 
e 2 5 5 
e 2 6 2 
e 2 7 8 
e 2 8 2 
e 2 9 6 
e 2 10 1 
e 2 11 7 
e 2 12 4 
e 2 13 8 
e 2 14 4 
e 2 15 6 
e 3 4 2 
e 3 5 5 
e 3 6 7 
e 3 7 8 
e 3 8 7 
e 3 9 6 
e 3 10 8 
e 3 11 8 
e 3 12 9 
e 3 13 6 
e 3 14 2 
e 3 15 1 
e 4 5 5 
e 4 6 7 
e 4 7 1 
e 4 8 4 
e 4 9 7 
e 4 10 1 
e 4 11 6 
e 4 12 6 
e 4 13 1 
e 4 14 3 
e 4 15 8 
e 5 6 9 
e 5 7 4 
e 5 8 7 
e 5 9 5 
e 5 10 1 
e 5 11 9 
e 5 12 9 
e 5 13 8 
e 5 14 8 
e 5 15 3 
e 6 7 6 
e 6 8 1 
e 6 9 5 
e 6 10 2 
e 6 11 3 
e 6 12 5 
e 6 13 8 
e 6 14 5 
e 6 15 8 
e 7 8 9 
e 7 9 1 
e 7 10 1 
e 7 11 5 
e 7 12 8 
e 7 13 8 
e 7 14 1 
e 7 15 3 
e 8 9 3 
e 8 10 5 
e 8 11 4 
e 8 12 6 
e 8 13 4 
e 8 14 1 
e 8 15 1 
e 9 10 4 
e 9 11 4 
e 9 12 9 
e 9 13 6 
e 9 14 3 
e 9 15 3 
e 10 11 1 
e 10 12 6 
e 10 13 7 
e 10 14 6 
e 10 15 7 
e 11 12 3 
e 11 13 4 
e 11 14 7 
e 11 15 4 
e 12 13 1 
e 12 14 2 
e 12 15 9 
e 13 14 6 
e 13 15 3 
e 14 15 2 
l 2 
l 7 
l 9 
l 8 
l 7 
l 1 
l 5 
l 1 
l 5 
l 3 
l 9 
l 4 
l 3 
l 5 
l 7 
